432
349
345
340
347
367
333
342
337
327
325
341
293
298
313
269
291
306
300
277
268
255
263
281
273
274
246
272
239
240
228
237
216
213
227
201
218
188
182
177
166
190
160
197
175
167
179
188
178
175
197
178
184
176
192
195
195
203
217
221
201
217
232
214
224
232
229
228
235
222
210
204
205
206
225
212
205
193
193
169
176
165
169
169
177
169
154
156
152
160
166
173
170
175
176
192
179
189
184
179
191
175
182
206
182
196
166
167
146
142
143
140
140
141
138
137
140
139
122
126
113
110
105
115
114
117
123
114
104
107
97
96
97
89
86
86
84
82
82
82
82
82
82
82
82
82
82
82
82
82
82
82
82
82
82
82
82
82
82
82
82
82
82
82
82
82
82
82
82
82
82
82
82
82
82
82
82
82
82
82
82
82
82
82
82
82
82
82
82
82
82
82
82
82
82
82
82
82
82
82
82
82
82
82
82
82
82
82
83
83
85
83
85
82
78
75
75
73
73
73
73
73
73
73
73
73
73
73
73
73
73
73
73
73
73
73
73
73
73
73
73
73
73
73
73
73
73
73
73
73
73
73
73
73
73
73
73
73
73
73
73
73
73
73
73
73
73
73
73
73
73
73
73
73
73
73
73
73
73
73
73
73
73
73
73
73
73
73
73
73
73
73
73
73
73
73
73
73
73
73
73
73
73
73
73
73
73
73
73
73
73
73
73
73
73
73
73
73
73
73
73
73
73
73
73
73
73
73
73
73
73
73
73
73
73
73
73
73
73
73
73
73
73
73
73
73
73
73
73
73
73
73
73
73
73
73
73
73
73
73
73
73
73
73
73
73
73
73
73
73
73
73
73
73
73
73
73
73
73
73
73
73
73
73
73
73
73
73
73
73
73
74
72
71
69
69
69
69
69
69
69
69
69
69
69
69
69
69
69
69
69
69
69
69
69
69
69
69
69
69
69
69
69
69
69
69
69
69
69
69
69
69
69
69
69
69
69
69
69
69
69
69
69
69
69
69
69
69
69
69
69
69
69
69
69
69
69
69
69
69
69
69
69
69
69
72
72
77
77
80
75
82
71
68
69
69
67
66
64
64
64
64
64
64
64
64
64
64
64
64
64
64
64
64
64
64
64
64
64
64
64
64
64
66
67
69
72
70
80
74
90
83
99
90
101
109
116
92
88
92
88
96
84
75
81
71
85
76
90
82
90
94
109
76
80
75
80
77
86
81
86
88
98
95
97
102
88
85
81
72
73
72
73
82
75
83
79
82
86
81
86
83
93
86
97
96
97
99
87
104
95
113
104
102
98
106
122
118
129
113
121
108
120
118
116
108
108
112
111
118
110
118
127
121
123
120
118
103
112
106
102
108
106
115
121
124
125
134
140
126
156
140
138
139
147
153
156
173
169
161
167
174
177
178
187
182
167
172
161
164
169
176
176
159
164
167
164
177
164
174
182
185
167
172
159
158
137
142
147
131
123
119
119
125
129
125
114
114
106
118
109
113
117
113
107
93
91
89
92
96
93
99
90
105
96
111
109
113
124
129
91
92
91
88
85
87
87
87
87
87
87
87
87
87
87
87
87
87
87
87
87
87
87
87
87
87
87
87
87
87
87
87
87
87
87
87
87
89
85
82
79
78
78
78
78
78
78
78
78
78
78
78
78
78
78
78
78
78
78
78
78
78
78
78
78
78
78
78
78
78
78
78
78
78
78
78
78
78
78
78
78
78
78
78
78
78
78
78
78
78
78
78
78
78
78
78
78
78
78
78
78
78
78
78
78
78
78
78
78
78
78
78
78
78
78
78
78
78
78
78
78
78
78
78
78
78
78
78
78
78
78
78
78
78
78
78
78
78
78
78
78
78
78
78
78
78
78
78
78
78
78
78
78
78
78
78
78
78
78
78
78
78
78
78
78
78
78
78
78
78
78
78
78
78
78
78
78
78
78
78
78
78
78
78
78
78
78
78
78
78
78
78
78
78
78
78
78
78
78
78
78
78
78
78
78
78
78
78
78
78
78
78
78
78
78
78
78
78
78
78
78
78
78
78
78
78
78
78
78
78
78
78
78
78
78
78
78
78
78
78
78
78
78
78
78
78
78
78
78
78
78
78
78
78
78
78
78
78
78
78
78
78
78
78
78
78
78
78
78
78
78
78
78
78
78
78
78
78
78
78
78
78
78
78
78
78
78
78
78
78
78
78
78
78
78
78
78
78
78
78
78
78
78
78
78
78
78
78
78
78
78
78
78
78
78
78
78
78
78
78
78
78
78
78
78
78
78
78
78
78
78
78
78
78
78
78
78
78
78
78
78
78
78
78
78
78
78
78
78
78
78
78
78
78
78
78
78
78
78
78
78
78
78
78
78
78
78
78
78
78
78
78
78
78
78
78
78
78
78
78
78
78
78
78
78
78
78
78
78
78
78
78
78
78
78
78
78
78
78
78
78
78
78
78
78
78
78
78
78
78
78
78
78
78
78
78
78
78
78
78
78
78
78
78
78
78
78
78
78
78
78
78
78
78
78
78
78
78
78
78
78
78
78
78
78
78
78
78
78
78
78
78
78
78
78
78
78
78
78
78
78
78
78
78
78
78
78
78
78
78
78
78
78
78
78
78
78
78
78
78
78
78
78
78
78
78
78
78
78
78
78
78
78
78
78
78
78
78
78
78
78
78
78
78
78
78
78
78
78
78
78
78
78
78
78
78
78
78
78
78
78
78
78
78
78
78
78
78
78
78
78
78
78
78
78
78
78
78
78
78
78
78
78
78
78
78
78
78
78
78
78
78
78
78
78
78
78
78
78
78
78
78
78
78
78
78
78
78
78
78
78
78
78
78
78
78
78
78
78
78
80
81
83
86
84
94
88
104
96
112
104
112
116
128
96
102
104
107
108
110
106
109
109
114
115
120
122
124
130
124
124
118
116
127
109
108
105
105
105
105
104
95
92
90
88
89
91
89
93
95
105
95
105
94
100
91
96
100
108
92
93
95
96
104
98
107
104
106
102
100
101
98
101
115
107
124
112
112
117
113
117
109
117
119
120
121
122
124
120
121
116
112
110
108
103
101
102
101
106
107
104
109
105
97
100
96
93
91
91
94
94
97
97
103
98
98
96
100
100
108
110
121
105
113
114
116
121
104
112
107
112
119
124
123
122
125
126
125
125
140
132
154
150
157
152
158
169
151
163
165
184
165
174
155
164
153
165
177
154
157
148
151
158
171
173
173
173
166
178
173
189
186
194
191
214
183
208
198
